3.389684550917897802e-12 6.062285782198856254e-11 -1.425072784691237810e-11 1.063395421206759875e-08 6.245782945319519942e-07 5.736657780183695260e-09 1.441517710106378462e-08 -1.876790071564351681e-08 -6.557107491429663505e-09 -3.447951707626889461e-08
6.062285782198906660e-11 6.784053343679283180e-09 -2.313895323243496735e-08 1.168903783160332328e-06 -2.284607779218015587e-05 1.839993674781647497e-07 2.881557761073050299e-07 1.789133008914455168e-07 -1.320260815534773176e-07 2.046237073693683728e-07
-1.425072784690670092e-11 -2.313895323243496074e-08 3.206370484856818924e-07 -3.998550497615405572e-07 -6.069690698371853330e-05 -5.415437434485954807e-08 -3.514537854601345080e-07 1.126830548258221397e-06 1.590880605198422060e-07 1.931979599214040243e-06
1.063395421206686256e-08 1.168903783160363033e-06 -3.998550497614571244e-07 3.532754771597722602e-04 8.573865713217720952e-03 -9.249688907083628312e-05 -1.682683033587609720e-04 1.449161323627407491e-05 7.776637350797829026e-05 4.439337442968861611e-05
6.245782945316746968e-07 -2.284607779216869382e-05 -6.069690698369574472e-05 8.573865713221790613e-03 5.104044865562217481e+00 -4.167587070152382889e-02 -6.896783504168038648e-02 -2.399138555220444238e-02 3.156931603527084185e-02 -1.875007968105006986e-02
5.736657780186417512e-09 1.839993674780778759e-07 -5.415437434511124920e-08 -9.249688907086139596e-05 -4.167587070152142109e-02 4.187578291833871699e-04 6.977285540639394752e-04 1.001814480260716680e-04 -3.158507965931845428e-04 -3.762987534915855669e-05
1.441517710107110517e-08 2.881557761073707279e-07 -3.514537854606798913e-07 -1.682683033587456848e-04 -6.896783504167515455e-02 6.977285540639308016e-04 1.216974876113933578e-03 1.210231131638285918e-04 -5.564740469856517503e-04 -1.571971715793467382e-04
-1.876790071564206759e-08 1.789133008914518696e-07 1.126830548258181163e-06 1.449161323626085272e-05 -2.399138555220813734e-02 1.001814480261133963e-04 1.210231131639026564e-04 2.591733578226935336e-04 -5.581470980419473441e-05 3.833487069168569641e-04
-6.557107491432436215e-09 -1.320260815534613828e-07 1.590880605200689726e-07 7.776637350798322338e-05 3.156931603526852426e-02 -3.158507965931809107e-04 -5.564740469856520756e-04 -5.581470980416092085e-05 2.556974634529276071e-04 7.111216510776080296e-05
-3.447951707626845785e-08 2.046237073693767373e-07 1.931979599214129182e-06 4.439337442966766390e-05 -1.875007968105748060e-02 -3.762987534908909999e-05 -1.571971715792278555e-04 3.833487069168782144e-04 7.111216510770645733e-05 6.988573354606562090e-04
