1.845723491388529404e-15 -2.858124127633908568e-12 2.418383968691511817e-11 -3.001270265554597985e-10 5.577757079306970091e-09 -9.937039452188791310e-12 3.705625454078742815e-12 -9.627700036451501442e-11 -1.523251631352367367e-12 -1.561709373703419499e-10
-2.858124127633902914e-12 9.659299459988594010e-09 -5.807442026622128665e-08 1.369644610106639564e-06 -4.014144842033238146e-05 9.009021489177288683e-08 2.091047190720306877e-08 6.266561313165588394e-07 -1.064179571453556480e-08 1.004526432291273703e-06
2.418383968691511817e-11 -5.807442026622134621e-08 6.268591972872669774e-07 -3.924431264980759097e-06 2.601763495242173547e-06 -1.278285997635490629e-07 -2.254808205515198426e-07 -2.977444831379007499e-08 1.035577084705584529e-07 3.223620334577892652e-08
-3.001270265554656405e-10 1.369644610106688903e-06 -3.924431264980720980e-06 3.571228430259527301e-04 6.101185175780688905e-03 -1.099388850341157810e-04 -2.146967019862047396e-04 8.324262165361934239e-05 9.887048672581113802e-05 1.688084012288620114e-04
5.577757079305182554e-09 -4.014144842031851723e-05 2.601763495260685028e-06 6.101185175784081156e-03 4.992457292128438695e+00 -4.272681784774989833e-02 -7.159206353577803050e-02 -2.062813483672995551e-02 3.276311672107050377e-02 -1.255880911709116206e-02
-9.937039452165544627e-12 9.009021489161867389e-08 -1.278285997635917322e-07 -1.099388850341481987e-04 -4.272681784774821218e-02 4.090064517841876502e-04 6.732595263425354736e-04 1.319304069794285028e-04 -3.047202746629133134e-04 2.072134957669632925e-05
3.705625454110664393e-12 2.091047190697037624e-08 -2.254808205517318390e-07 -2.146967019862500864e-04 -7.159206353577454718e-02 6.732595263425305947e-04 1.155653581492712247e-03 2.003354181259657887e-04 -5.285795913734807252e-04 -1.137007407742110717e-05
-9.627700036450979284e-11 6.266561313165196641e-07 -2.977444831385276205e-08 8.324262165360161569e-05 -2.062813483673253678e-02 1.319304069794575865e-04 2.003354181260171799e-04 1.574076807888600789e-04 -9.189470484622775488e-05 1.960455125567457419e-04
-1.523251631360134706e-12 -1.064179571445448125e-08 1.035577084707876018e-07 9.887048672582620843e-05 3.276311672106892170e-02 -3.047202746629114702e-04 -5.285795913734813757e-04 -9.189470484620437677e-05 2.430085522476503753e-04 4.774273871167091597e-06
-1.561709373703423894e-10 1.004526432291277726e-06 3.223620334575237734e-08 1.688084012288469952e-04 -1.255880911709630031e-02 2.072134957674421371e-05 -1.137007407733889246e-05 1.960455125567606496e-04 4.774273871129488416e-06 3.541650676057870521e-04
