1.667697323277015430e+13 -5.665577862198209229e+11 -3.991624596394538879e+10 4.314311057447114944e+09 -7.566856767756503820e+07 -1.755516663557262346e+07 1.910675467391034842e+09 1.458768432048676729e+09 -2.120838137046614456e+10 -2.416827551489560699e+10
-5.665577862198209229e+11 1.500404130995717163e+11 9.296216859626604080e+09 -1.639198292926588058e+09 4.072825316304630786e+07 -4.808910270102153845e+03 -6.158861821221556664e+09 1.719884277717667341e+09 8.056327558189445496e+09 9.182836440035879135e+09
-3.991624596394538879e+10 9.296216859626604080e+09 5.821627104703071117e+08 -1.003568232798141092e+08 2.440220300752527080e+06 2.588218900328370895e-10 -3.538151715962775350e+08 9.467925595868310332e+07 4.932334381031486988e+08 5.622018503281164169e+08
4.314311057447114944e+09 -1.639198292926588058e+09 -1.003568232798141092e+08 2.111579966335000843e+07 -7.141065007358650910e+05 0.000000000000000000e+00 1.606359506900475919e+08 -5.969297950811402500e+07 -1.037799775025366396e+08 -1.182913109335942566e+08
-7.566856767756503820e+07 4.072825316304630786e+07 2.440220300752527080e+06 -7.141065007358650910e+05 4.130580349065810151e+04 -1.000636975732944804e-11 -1.278297120764473081e+07 5.413212808555319905e+06 3.509694412336578593e+06 4.000445040662456304e+06
-1.755516663557262346e+07 -4.808910270102153845e+03 2.588218900328370895e-10 0.000000000000000000e+00 -1.000636975732944804e-11 2.111579966335000843e+07 1.547753849818286113e+07 -8.046387686780266464e+06 6.921791863706439734e+06 -7.901655760397252161e+05
1.910675467391034842e+09 -6.158861821221556664e+09 -3.538151715962775350e+08 1.606359506900475919e+08 -1.278297120764473081e+07 1.547753849818286113e+07 4.392958238317868233e+09 -1.914399945371095657e+09 -7.843761970581728220e+08 -9.004767833117628098e+08
1.458768432048676729e+09 1.719884277717667341e+09 9.467925595868310332e+07 -5.969297950811402500e+07 5.413212808555319905e+06 -8.046387686780266464e+06 -1.914399945371095657e+09 8.438293950940916538e+08 2.907364800287314057e+08 3.346998034085290432e+08
-2.120838137046614456e+10 8.056327558189445496e+09 4.932334381031486988e+08 -1.037799775025366396e+08 3.509694412336578593e+06 6.921791863706439734e+06 -7.843761970581728220e+08 2.907364800287314057e+08 5.123274480548188090e+08 5.811194498029994965e+08
-2.416827551489560699e+10 9.182836440035879135e+09 5.622018503281164169e+08 -1.182913109335942566e+08 4.000445040662456304e+06 -7.901655760397252161e+05 -9.004767833117628098e+08 3.346998034085290432e+08 5.811194498029994965e+08 6.627009072028374672e+08
