6.879690942179319959e-15 1.123255896030193288e-12 -1.246824493667917533e-11 -1.620643816519832898e-10 -1.985889784358201552e-09 -3.996605806153718352e-12 -4.502995915011374220e-13 1.027127287186092809e-11 2.002714037925820830e-11 -4.502436747127542389e-11
1.123255896030139771e-12 -4.987061699274865833e-10 7.848936738971035649e-09 8.702535103886338316e-08 3.871915615778591560e-06 1.465874375632752403e-09 5.706308533247901082e-10 -1.830169252002464332e-08 -2.431329194443506334e-08 2.378115760289481147e-08
-1.246824493667858725e-11 7.848936738971093552e-09 -1.014501150290200027e-07 -1.064166553192587574e-06 -5.271864804091987540e-05 -2.611120374869010585e-08 -8.956141997706515883e-09 2.526588926296424093e-07 3.540910618328361989e-07 -3.449770274892984003e-07
-1.620643816519479278e-10 8.702535103885746716e-08 -1.064166553192553904e-06 -1.841322596711565305e-05 -2.866533892898355616e-03 -5.757072542711890572e-06 -2.937165433008947618e-07 1.392847000864045281e-05 3.193763837385846363e-05 -2.172950630898663041e-05
-1.985889784360298455e-09 3.871915615780707448e-06 -5.271864804095007044e-05 -2.866533892899871764e-03 4.989989955818321943e-02 -2.741242148005938631e-04 2.952349909034504246e-05 -1.861044684328988399e-04 4.323095526126374778e-04 -1.066868961589835865e-03
-3.996605806151405639e-12 1.465874375632719109e-09 -2.611120374869254438e-08 -5.757072542712305618e-06 -2.741242148004868523e-04 3.868130380294847038e-07 -7.614956176832051735e-08 1.219410304283471040e-06 4.928548200071795412e-07 -5.220441320449054930e-07
-4.502995915011281829e-13 5.706308533249976271e-10 -8.956141997708873348e-09 -2.937165433009664420e-07 2.952349909035133761e-05 -7.614956176834533277e-08 9.465001285968491398e-08 5.567622540914731802e-08 6.417974114962182859e-08 -1.868099657712421286e-07
1.027127287186557290e-11 -1.830169252003229640e-08 2.526588926297480237e-07 1.392847000864797446e-05 -1.861044684328858837e-04 1.219410304283958719e-06 5.567622540917886999e-08 1.053252161354112436e-06 -2.051061916206160262e-06 4.991395674122365296e-06
2.002714037926029564e-11 -2.431329194444539317e-08 3.540910618329875531e-07 3.193763837386824855e-05 4.323095526123701677e-04 4.928548200077909931e-07 6.417974114959006485e-08 -2.051061916204879548e-06 -3.224905094121574938e-06 7.077744397355478575e-06
-4.502436747127320731e-11 2.378115760289968853e-08 -3.449770274893869682e-07 -2.172950630899000160e-05 -1.066868961589324989e-03 -5.220441320450044900e-07 -1.868099657711784687e-07 4.991395674119917371e-06 7.077744397352792633e-06 -6.454887475805260893e-06
