1.617787870782303612e-14 -3.133697868784527972e-12 5.094194542355247435e-11 -1.780753518341282473e-09 -2.282952633400041320e-09 -1.697518126136593640e-10 -1.989114051524912012e-12 7.640577980653263090e-12 4.506705193675728032e-10 -7.052488646406894196e-10
-3.133697868782422862e-12 1.505563227862819692e-09 -2.172143535409063516e-08 -1.222937682463135672e-06 8.449638746550589528e-07 -4.730647168717881634e-09 2.485117454633486734e-11 -3.733417826996054488e-09 -1.412430740862808274e-08 -2.116414037951505266e-07
5.094194542350557708e-11 -2.172143535408779959e-08 3.361687222934167606e-07 2.785006621261891703e-05 -1.855059198158667908e-05 3.280440575246834989e-08 -1.502841127675745337e-09 8.981461968158317448e-08 5.313826891897812237e-07 4.587479147388141384e-06
-1.780753518512189568e-09 -1.222937682656108624e-06 2.785006621685154067e-05 -4.958858884959255198e-02 -2.969748250169083614e-01 -2.924604055032324276e-02 -4.425619566720146716e-04 5.450986347651948791e-04 8.174812430383675277e-02 -7.966162801958019679e-02
-2.282952633043158380e-09 8.449638746265849874e-07 -1.855059198119409625e-05 -2.969748249750484570e-01 2.225972918745787454e-01 8.708592675978193151e-04 3.589171400463118201e-05 -1.048490854330066989e-03 -9.175459602916930316e-03 -4.572415403300009867e-02
-1.697518125800774338e-10 -4.730647179239082186e-09 3.280440594883776491e-08 -2.924604054627792660e-02 8.708592663250948763e-04 -6.941435672485384359e-04 -1.272422743423736941e-05 -3.196328164592951156e-05 1.374645474362943751e-03 -6.433002856542499419e-03
-1.989114051059891105e-12 2.485117438526095933e-11 -1.502841124588326374e-09 -4.425619566122397327e-04 3.589171398264217282e-05 -1.272422743454286708e-05 -1.255719057596335009e-07 -4.536030208207680786e-07 2.684537663769601495e-05 -1.027098730886197617e-04
7.640577979763589952e-12 -3.733417827158016452e-09 8.981461968562291284e-08 5.450986346827131146e-04 -1.048490854377664115e-03 -3.196328165303258755e-05 -4.536030209320632845e-07 4.325673347154393698e-06 1.045845427774092000e-04 9.055674579472963476e-06
4.506705192650981017e-10 -1.412430738113443552e-08 5.313826886933200726e-07 8.174812429239741718e-02 -9.175459600169346905e-03 1.374645474280663648e-03 2.684537663561621364e-05 1.045845427590005855e-04 -2.237611140775052666e-03 1.659453768373070695e-02
-7.052488646009228151e-10 -2.116414038458425898e-07 4.587479148454810822e-06 -7.966162800967313551e-02 -4.572415404288883434e-02 -6.433002857196922983e-03 -1.027098730975415394e-04 9.055674610211928045e-06 1.659453768578279115e-02 -2.864795151928881817e-02
