1.329801714100373824e-11 -1.072181132550886851e-09 1.742292352050566545e-08 4.997231741520636535e-10 -1.158528164393354791e-06 -9.588912124219511234e-10 -1.019482277011739419e-09 2.856810071497312594e-09 3.346753214733698920e-09 -6.869862014050442850e-10
-1.072181132550655240e-09 1.265679878951437351e-07 -1.996333481515994748e-06 5.071194503212179959e-07 7.345632752180786132e-05 2.264976650085108713e-08 -3.105908837420944365e-08 -2.853783668821158678e-07 -1.566782870048789402e-07 -2.736513666118143303e-07
1.742292352050298538e-08 -1.996333481516131120e-06 3.160489938088682007e-05 -6.923109467717067154e-06 -1.347033108797630061e-03 -5.468630352772450664e-07 2.663770102860837237e-07 4.968361190886507836e-06 3.094479161161055566e-06 4.057478490586483298e-06
4.997231741912588831e-10 5.071194503156550011e-07 -6.923109467628082955e-06 7.226859124294699615e-05 -1.431962613800713546e-02 -1.548025228985472218e-05 -2.091614934390713872e-05 2.753698186175189516e-05 4.717255883749060075e-05 -3.532072193353612559e-05
-1.158528164407328293e-06 7.345632752420068196e-05 -1.347033108834584658e-03 -1.431962613791708423e-02 5.308570432838179087e+00 4.020766185901255597e-03 2.889929878162027753e-03 -1.697292555982139739e-02 -1.564865718392728644e-02 -4.067301185645257576e-03
-9.588912124313282497e-10 2.264976650236314682e-08 -5.468630353009382720e-07 -1.548025228982240957e-05 4.020766185913887854e-03 3.807191699006268265e-06 4.192835498085884618e-06 -1.002209076809859179e-05 -1.252628998699079702e-05 4.049266741988529674e-06
-1.019482277020926087e-09 -3.105908837312472532e-08 2.663770102681686063e-07 -2.091614934395701880e-05 2.889929878197626881e-03 4.192835498106014356e-06 7.312651064899243879e-06 -1.108062683850077265e-06 -1.054282432639602393e-05 1.807921359950326245e-05
2.856810071532269660e-09 -2.853783668891668876e-07 4.968361190993437275e-06 2.753698186132872767e-05 -1.697292555977165940e-02 -1.002209076802035983e-05 -1.108062683708955859e-06 6.582811710985087689e-05 4.719301497919067189e-05 4.178359421455134606e-05
3.346753214776704040e-09 -1.566782870119341423e-07 3.094479161270450295e-06 4.717255883726047884e-05 -1.564865718394038707e-02 -1.252628998696336670e-05 -1.054282432629804255e-05 4.719301497937922142e-05 4.690969377092588159e-05 4.852296854264835786e-06
-6.869862013939216009e-10 -2.736513666151052651e-07 4.057478490633420782e-06 -3.532072193395741945e-05 -4.067301185519832732e-03 4.049266742093538042e-06 1.807921359959904832e-05 4.178359421418744715e-05 4.852296853884200355e-06 7.497260020562734569e-05
