-5.674360494721567401e-12 8.274106522347648476e-10 -1.294263609631372945e-08 4.169475211392269795e-09 4.470763329163367454e-07 3.840588029556939738e-11 -4.712366687838354002e-10 -2.092929317599914773e-09 -8.236482469605781972e-10 -2.633986473632087733e-09
8.274106522348645229e-10 -8.034756155949242784e-08 1.293036335215856748e-06 -6.009178569468556892e-08 -8.516889552641008891e-05 -6.016558630499085349e-08 -4.416772900911629647e-08 2.509031607364819440e-07 2.332889842595737366e-07 5.650924939717541981e-08
-1.294263609631484284e-08 1.293036335215806561e-06 -2.070501520513789184e-05 1.925827909340282535e-06 1.190954619948499365e-03 7.955802376063966512e-07 5.216107598322340878e-07 -3.559660937546267275e-06 -3.169361441001506751e-06 -1.072315932656100574e-06
4.169475211431498835e-09 -6.009178569835934933e-08 1.925827909399102621e-06 6.916544709052152551e-05 -1.460395989566020368e-02 -1.546840841382024799e-05 -2.052086666194535440e-05 2.898059356596440571e-05 4.764677357642782698e-05 -3.332315443388747783e-05
4.470763328995599874e-07 -8.516889552488826208e-05 1.190954619923879952e-03 -1.460395989567563405e-02 5.172395328237735512e+00 3.934065828030091153e-03 2.837873694902941051e-03 -1.655960577879340284e-02 -1.529202568976531507e-02 -3.920877950593966953e-03
3.840588028378278451e-11 -6.016558630388857246e-08 7.955802375886845570e-07 -1.546840841382317872e-05 3.934065828026868036e-03 3.737189893940305308e-06 4.121037619695055967e-06 -9.803429634103161573e-06 -1.227845978589176854e-05 4.012754917244450934e-06
-4.712366687902685906e-10 -4.416772900846955372e-08 5.216107598220817626e-07 -2.052086666192877627e-05 2.837873694893640331e-03 4.121037619689783187e-06 7.191816824345603366e-06 -1.066205977477337193e-06 -1.035223815368864581e-05 1.779644112462590576e-05
-2.092929317544707084e-09 2.509031607315105489e-07 -3.559660937465568752e-06 2.898059356605062350e-05 -1.655960577880710022e-02 -9.803429634123830871e-06 -1.066205977514524480e-06 6.444002487667485710e-05 4.617304117103749928e-05 4.094941945731364044e-05
-8.236482469129971140e-10 2.332889842551962704e-07 -3.169361440930845145e-06 4.764677357646553688e-05 -1.529202568976239206e-02 -1.227845978589907843e-05 -1.035223815371447523e-05 4.617304117098778183e-05 4.594657292584102980e-05 4.650942315631633410e-06
-2.633986473611039709e-09 5.650924939545119822e-08 -1.072315932627164446e-06 -3.332315443378600328e-05 -3.920877950627282317e-03 4.012754917216787685e-06 1.779644112460062352e-05 4.094941945740962621e-05 4.650942315732101682e-06 7.367831976109791173e-05
