-2.842254152442509963e-12 2.119769026654462256e-09 -3.214272751000327665e-08 1.073953471045344648e-08 3.974225041313406945e-06 5.894200000294256242e-10 1.145235265099437958e-10 1.920991171433894216e-10 -2.604868937165101085e-11 -1.001074121718268463e-09
2.119769026654462669e-09 -3.367519379958159321e-08 7.202812200181132373e-07 4.168532462921359456e-07 1.364904977209285613e-04 1.268029294533263501e-07 -1.225906916605446611e-08 -8.428399572874167787e-10 -2.413053343487608163e-08 1.013024490548771540e-08
-3.214272751000327665e-08 7.202812200181116491e-07 -1.135277445483520142e-05 2.121244179233342897e-05 1.744132830113002443e-03 6.032489825332745977e-06 -1.322953919845443807e-06 -9.562665397718699081e-07 -1.595246027596981603e-06 5.171178619974555644e-06
1.073953471045513393e-08 4.168532462921460570e-07 2.121244179233429972e-05 5.320658299953455331e-04 2.565301936701370675e-02 6.968803331070113575e-05 -3.118646464953580964e-05 -3.073698935054392509e-05 -2.796116717762470194e-05 1.639811482942783879e-04
3.974225041313647502e-06 1.364904977209337113e-04 1.744132830113086143e-03 2.565301936701225999e-02 8.055626876248235035e+00 1.159998619371551201e-02 -1.216907758077395924e-03 -1.627256805713551968e-04 -2.277060134877281674e-03 1.455994465682040623e-03
5.894200000309919941e-10 1.268029294533553346e-07 6.032489825332973828e-06 6.968803331069845235e-05 1.159998619371737857e-02 2.169959615520583997e-04 -1.565655138216362155e-05 5.198896741991353210e-06 -3.768666225524253891e-05 -2.346122564481453759e-05
1.145235265096044321e-10 -1.225906916606109513e-08 -1.322953919845542063e-06 -3.118646464953635851e-05 -1.216907758077844133e-03 -1.565655138216401457e-05 2.668902625982497308e-06 1.459459557833921408e-06 3.520749362900009921e-06 -7.661329921429590797e-06
1.920991171432340926e-10 -8.428399572896861488e-10 -9.562665397719406354e-07 -3.073698935054461627e-05 -1.627256805715697333e-04 5.198896741990873789e-06 1.459459557833965030e-06 2.456186933312813309e-06 1.434497341499359410e-07 -1.210951113014487417e-05
-2.604868937154927733e-11 -2.413053343486961308e-08 -1.595246027596934805e-06 -2.796116717762308918e-05 -2.277060134877045752e-03 -3.768666225524272865e-05 3.520749362899952323e-06 1.434497341498466320e-07 7.140372255375187428e-06 -1.617660797669609800e-06
-1.001074121717650559e-09 1.013024490548920267e-08 5.171178619974830082e-06 1.639811482942805563e-04 1.455994465682491868e-03 -2.346122564481218622e-05 -7.661329921429797473e-06 -1.210951113014486740e-05 -1.617660797670044963e-06 6.427528295334688677e-05
