8.987129918594708926e-11 -9.190968664511123751e-09 1.470846910731134362e-07 -2.079623980031093727e-08 -9.938314591455220371e-06 3.103953267145203775e-09 -1.143580223807519435e-09 -1.061391815067848778e-09 -1.083532252334821684e-09 5.618100906705248617e-09
-9.190968664510696926e-09 3.054472684740427236e-06 -4.681362682833270912e-05 1.238375202023634076e-05 5.273833176158794489e-03 1.607240712885516168e-07 3.038330430828268674e-07 3.925720860361743658e-07 1.521203180080415228e-07 -2.024152237951474960e-06
1.470846910731113715e-07 -4.681362682833359681e-05 7.208417794350578970e-04 -1.610104626418562806e-04 -7.683612789796555320e-02 5.747538899083764144e-06 -6.238819989205778049e-06 -7.046032415158117674e-06 -4.369892204667105750e-06 3.668113610982661247e-05
-2.079623980028085106e-08 1.238375202022727751e-05 -1.610104626417120817e-04 6.056997734279688213e-04 4.694204490437695748e-02 6.955142549717887137e-05 -3.129025065783099874e-05 -3.088304807049498812e-05 -2.804194609666582158e-05 1.650161423803449615e-04
-9.938314591453275583e-06 5.273833176158327848e-03 -7.683612789795732367e-02 4.694204490438712990e-02 1.707035860842924890e+01 1.188840078663517576e-02 -7.114865122664588504e-04 4.941995916968395988e-04 -2.026711295543897999e-03 -1.926497760727912192e-03
3.103953267149612234e-09 1.607240712869077641e-07 5.747538899106792429e-06 6.955142549711639422e-05 1.188840078663197866e-02 2.172368222941389946e-04 -1.561773216871568376e-05 5.277164241054929497e-06 -3.769296557913008432e-05 -2.387472898835018290e-05
-1.143580223809480887e-09 3.038330430834367311e-07 -6.238819989215108964e-06 -3.129025065782478491e-05 -7.114865122656705270e-04 -1.561773216871857045e-05 2.772024682829002851e-06 1.591127280230326007e-06 3.576554477995134668e-06 -8.355384854410994770e-06
-1.061391815070029226e-09 3.925720860368720033e-07 -7.046032415168955461e-06 -3.088304807049333471e-05 4.941995916978295838e-04 5.277164241051321136e-06 1.591127280230656138e-06 2.627907425153419697e-06 2.111952860510917417e-07 -1.301462754961095615e-05
-1.083532252335112231e-09 1.521203180081411550e-07 -4.369892204668343265e-06 -2.804194609665659570e-05 -2.026711295543690266e-03 -3.769296557913187325e-05 3.576554477994764091e-06 2.111952860504243856e-07 7.173864157190550585e-06 -1.974794816102752260e-06
5.618100906714396408e-09 -2.024152237954153278e-06 3.668113610986877438e-05 1.650161423803425491e-04 -1.926497760730793134e-03 -2.387472898833114499e-05 -8.355384854412693918e-06 -1.301462754961090194e-05 -1.974794816106247118e-06 6.904786234728191199e-05
