1.093497676579466629e+10 -3.374708433038300991e+09 -2.055297625085080862e+08 6.565793181217987090e+07 -5.410938983090807596e+04 -1.466291458172751823e+06 8.215089559257784486e+07 1.121331534560540318e+08 1.064311370060494840e+08 -1.157286524599683285e+08
-3.374708433038300991e+09 2.184144232581086159e+09 1.281955646332564354e+08 -5.705907506827551126e+07 5.612602367238797160e+04 -6.708233488441136615e+03 -7.973908651512189209e+07 -1.005404989838167727e+08 -1.050003363563505709e+08 1.025033729332571030e+08
-2.055297625085080862e+08 1.281955646332564354e+08 7.536922622510248795e+06 -3.299849276619743556e+06 3.213420429503702053e+03 8.782095964252881750e-12 -4.599822519118445925e+06 -5.803156000279640779e+06 -6.054410856261061504e+06 5.921939089551664889e+06
6.565793181217987090e+07 -5.705907506827551126e+07 -3.299849276619743556e+06 1.784350285446368856e+06 -2.052367953099585520e+03 0.000000000000000000e+00 2.511249404631636105e+06 3.269395373269276693e+06 3.367173582371840253e+06 -3.229847089803116396e+06
-5.410938983090807596e+04 5.612602367238797160e+04 3.213420429503702053e+03 -2.052367953099585520e+03 2.746920969002361712e+00 -1.145816594851098058e-14 -2.878602934266714328e+03 -3.926086097502010489e+03 -3.911411752428735781e+03 3.723756410050028080e+03
-1.466291458172751823e+06 -6.708233488441136615e+03 8.782095964252881750e-12 0.000000000000000000e+00 -1.145816594851098058e-14 1.784350285446368624e+06 5.623374562033499591e+06 -2.064203892881020205e+06 6.937233521352735348e+06 1.106784532893273048e+06
8.215089559257784486e+07 -7.973908651512189209e+07 -4.599822519118445925e+06 2.511249404631636105e+06 -2.878602934266714328e+03 5.623374562033499591e+06 2.808245384085294604e+07 -5.563183219015011564e+06 2.333228953373749554e+07 -1.019248075230025919e+06
1.121331534560540318e+08 -1.005404989838167727e+08 -5.803156000279640779e+06 3.269395373269276693e+06 -3.926086097502010489e+03 -2.064203892881020205e+06 -5.563183219015011564e+06 1.625155452275220864e+07 4.964171580219053430e+04 -6.119625670124188997e+06
1.064311370060494840e+08 -1.050003363563505709e+08 -6.054410856261061504e+06 3.367173582371840253e+06 -3.911411752428735781e+03 6.937233521352735348e+06 2.333228953373749554e+07 4.964171580219053430e+04 3.507386112457556278e+07 -1.791929834224316292e+06
-1.157286524599683285e+08 1.025033729332571030e+08 5.921939089551664889e+06 -3.229847089803116396e+06 3.723756410050028080e+03 1.106784532893273048e+06 -1.019248075230025919e+06 -6.119625670124188997e+06 -1.791929834224316292e+06 6.759525540329055861e+06
