1.224633727485428500e+15 -1.946065927943968811e+11 -5.921103353019876862e+10 1.008617306230628133e+09 -1.635879442244733498e+07 -4.181092076913445280e-09 -8.763487275239053965e+08 -1.455218024098996639e+09 -6.530873686917698383e+08 8.227252847489731312e+08
-1.946065927943968811e+11 1.558185668824373245e+10 1.174134137361369133e+09 -4.739601799601763487e+07 1.260095805506351404e+06 -5.401386054021583062e-10 6.357395572793126106e+07 1.134671750399911404e+08 3.151801564144073799e+07 -3.830655917506901175e+07
-5.921103353019876862e+10 1.174134137361369133e+09 9.206763034859000146e+07 -3.509404196218039840e+06 8.834059180889734125e+04 2.837721207495194961e-11 4.479064625224848278e+06 7.931818145846975036e+06 2.327142088505751919e+06 -2.837588319417844061e+06
1.008617306230628133e+09 -4.739601799601763487e+07 -3.509404196218039840e+06 1.623150461656258558e+05 -5.972521430133948343e+03 0.000000000000000000e+00 -2.964605878275741125e+05 -5.295984957049863879e+05 -1.090728122802933794e+05 1.311497853039837792e+05
-1.635879442244733498e+07 1.260095805506351404e+06 8.834059180889734125e+04 -5.972521430133948343e+03 5.042135248912474026e+02 -1.908693465282180147e-14 2.482820123482785493e+04 4.101851978890400642e+04 4.079048725241875218e+03 -4.826398114724231164e+03
-4.181092076913445280e-09 -5.401386054021583062e-10 2.837721207495194961e-11 0.000000000000000000e+00 -1.908693465282180147e-14 1.623150461656258558e+05 -2.889063962235999643e+05 9.945435801880894644e+01 -4.245844063910746481e+05 -1.310318184133836985e+04
-8.763487275239053965e+08 6.357395572793126106e+07 4.479064625224848278e+06 -2.964605878275741125e+05 2.482820123482785493e+04 -2.889063962235999643e+05 1.908950895316678332e+06 2.003051541953066131e+06 1.325600692533053458e+06 -2.078462823358850728e+05
-1.455218024098996639e+09 1.134671750399911404e+08 7.931818145846975036e+06 -5.295984957049863879e+05 4.101851978890400642e+04 9.945435801880894644e+01 2.003051541953066131e+06 3.464848683848951943e+06 3.634498615029565408e+05 -4.747779276666492806e+05
-6.530873686917698383e+08 3.151801564144073799e+07 2.327142088505751919e+06 -1.090728122802933794e+05 4.079048725241875218e+03 -4.245844063910746481e+05 1.325600692533053458e+06 3.634498615029565408e+05 1.988396590992271435e+06 -5.385345961609124060e+04
8.227252847489731312e+08 -3.830655917506901175e+07 -2.837588319417844061e+06 1.311497853039837792e+05 -4.826398114724231164e+03 -1.310318184133836985e+04 -2.078462823358850728e+05 -4.747779276666492806e+05 -5.385345961609124060e+04 1.360676068780709757e+05
