3.389684540584288666e-12 6.062285785259330170e-11 -1.425073213481420658e-11 1.063395423296775622e-08 6.245783198554141681e-07 5.736657517739952350e-09 1.441517664155800107e-08 -1.876790075344590572e-08 -6.557107281431684406e-09 -3.447951700043001143e-08
6.062285785259552475e-11 6.784053345539079674e-09 -2.313895330453719777e-08 1.168903781280500038e-06 -2.284607809076152289e-05 1.839993707657792712e-07 2.881557819654400032e-07 1.789133009380631133e-07 -1.320260842349997695e-07 2.046237058310892544e-07
-1.425073213480998020e-11 -2.313895330453715806e-08 3.206370487571348820e-07 -3.998550055796013204e-07 -6.069689044655307710e-05 -5.415454714677990625e-08 -3.514540890933029525e-07 1.126830527781065854e-06 1.590881993735108335e-07 1.931979653904284835e-06
1.063395423296699190e-08 1.168903781280482462e-06 -3.998550055795611922e-07 3.532754782283455499e-04 8.573865946047625614e-03 -9.249689128637378322e-05 -1.682683071720432900e-04 1.449161264665793518e-05 7.776637525262885685e-05 4.439337452619973985e-05
6.245783198551095539e-07 -2.284607809075739614e-05 -6.069689044654407822e-05 8.573865946049271866e-03 5.104044873474252064e+00 -4.167587073194152503e-02 -6.896783507725155749e-02 -2.399138562796137436e-02 3.156931605192732360e-02 -1.875007981463588588e-02
5.736657517743701133e-09 1.839993707658154289e-07 -5.415454714692144017e-08 -9.249689128636325291e-05 -4.167587073193951969e-02 4.187578290174606525e-04 6.977285536097650167e-04 1.001814486624716312e-04 -3.158507963895975583e-04 -3.762987397481249195e-05
1.441517664156218826e-08 2.881557819653294654e-07 -3.514540890934749531e-07 -1.682683071720663022e-04 -6.896783507724726925e-02 6.977285536097552589e-04 1.216974875039449977e-03 1.210231142249235971e-04 -5.564740465015109196e-04 -1.571971691805358520e-04
-1.876790075344470135e-08 1.789133009380688837e-07 1.126830527781072842e-06 1.449161264664814348e-05 -2.399138562796448645e-02 1.001814486625066374e-04 1.210231142249862098e-04 2.591733581289913267e-04 -5.581471028987206934e-05 3.833487071461944549e-04
-6.557107281435015462e-09 -1.320260842350618941e-07 1.590881993736481058e-07 7.776637525261039831e-05 3.156931605192523499e-02 -3.158507963895932757e-04 -5.564740465015107027e-04 -5.581471028984341930e-05 2.556974632348304197e-04 7.111216401215076364e-05
-3.447951700042987908e-08 2.046237058310791430e-07 1.931979653904370809e-06 4.439337452617703259e-05 -1.875007981464228701e-02 -3.762987397475227129e-05 -1.571971691804328257e-04 3.833487071462122900e-04 7.111216401210369571e-05 6.988573350965644228e-04
