1.845716833877279868e-15 -2.858107597266653614e-12 2.418373039265341378e-11 -3.001249970742268478e-10 5.577649046563924175e-09 -9.936469449799147838e-12 3.706391251576933643e-12 -9.627589626182221759e-11 -1.523602889456312180e-12 -1.561693709812204095e-10
-2.858107597266647152e-12 9.659263118264020699e-09 -5.807416871161669979e-08 1.369640293945827196e-06 -4.014123116167307628e-05 9.008909861052532593e-08 2.090899449415266560e-08 6.266538580006113282e-07 -1.064111742758578538e-08 1.004523183366911806e-06
2.418373039265347518e-11 -5.807416871161700420e-08 6.268574875927413010e-07 -3.924400999766004068e-06 2.600199611211909930e-06 -1.278204630963905241e-07 -2.254699758658567543e-07 -2.975826348513632256e-08 1.035527320945802496e-07 3.225925925602037796e-08
-3.001249970742220915e-10 1.369640293945829102e-06 -3.924400999765773675e-06 3.571223380537057158e-04 6.101211036916902308e-03 -1.099390196227571873e-04 -2.146968817802157178e-04 8.324235436146429877e-05 9.887056927777584600e-05 1.688080212454332019e-04
5.577649046563790999e-09 -4.014123116166760783e-05 2.600199611246510803e-06 6.101211036918966629e-03 4.992456331562695304e+00 -4.272681392991206639e-02 -7.159205922214359474e-02 -2.062812290315360272e-02 3.276311473007856995e-02 -1.255879109012409713e-02
-9.936469449801858793e-12 9.008909861048730209e-08 -1.278204630967872002e-07 -1.099390196227709702e-04 -4.272681392991135169e-02 4.090064401823223484e-04 6.732595183667829282e-04 1.319303501262565929e-04 -3.047202709208222038e-04 2.072126003099062979e-05
3.706391251561167128e-12 2.090899449412827370e-08 -2.254699758667493417e-07 -2.146968817802282674e-04 -7.159205922214186002e-02 6.732595183667794587e-04 1.155653583247180562e-03 2.003353465810393656e-04 -5.285795920493713837e-04 -1.137019019386624905e-05
-9.627589626182047276e-11 6.266538580005941758e-07 -2.975826348520140513e-08 8.324235436145482555e-05 -2.062812290315487948e-02 1.319303501262706062e-04 2.003353465810647088e-04 1.574075477838145980e-04 -9.189467193907856777e-05 1.960453184520158940e-04
-1.523602889448512327e-12 -1.064111742757820344e-08 1.035527320949957060e-07 9.887056927778037254e-05 3.276311473007774422e-02 -3.047202709208204148e-04 -5.285795920493711669e-04 -9.189467193906689904e-05 2.430085524986620976e-04 4.774327240909862355e-06
-1.561693709812168164e-10 1.004523183366904606e-06 3.225925925610036302e-08 1.688080212454249078e-04 -1.255879109012659513e-02 2.072126003101397063e-05 -1.137019019382612171e-05 1.960453184520229955e-04 4.774327240891485975e-06 3.541647877446978880e-04
