1.617787850930670365e-14 -3.133697883794316339e-12 5.094194582793463189e-11 -1.780764024480373206e-09 -2.282959215724759586e-09 -1.697527604321258459e-10 -1.989129191508990982e-12 7.640578514752154004e-12 4.506729862785937690e-10 -7.052528855878598379e-10
-3.133697883792624819e-12 1.505563240292887365e-09 -2.172143558944539009e-08 -1.222936092336428598e-06 8.449652099063588834e-07 -4.730469919905816138e-09 2.485397528012106708e-11 -3.733418522173436230e-09 -1.412477628341320288e-08 -2.116407124660040134e-07
5.094194582789323409e-11 -2.172143558944859624e-08 3.361687266448141108e-07 2.785003911820601533e-05 -1.855061339029482207e-05 3.280151904929367831e-08 -1.502886822247803620e-09 8.981462912110641970e-08 5.313903012325366721e-07 4.587467694548338249e-06
-1.780764024980357978e-09 -1.222936092746750840e-06 2.785003912752141602e-05 -4.958854724681097115e-02 -2.969748165106028681e-01 -2.924603865549923673e-02 -4.425619254134773007e-04 5.450986589926529180e-04 8.174811978058074691e-02 -7.966161664539113396e-02
-2.282959215208652237e-09 8.449652099852579907e-07 -1.855061339141666639e-05 -2.969748164108398369e-01 2.225972898746770290e-01 8.708593000931483339e-04 3.589171477980984324e-05 -1.048490842617584009e-03 -9.175459522830338444e-03 -4.572415256786557802e-02
-1.697527604014759091e-10 -4.730469923015586761e-09 3.280151919103350487e-08 -2.924603864618193633e-02 8.708592972337947380e-04 -6.941435153901364232e-04 -1.272422655712599590e-05 -3.196327992349368505e-05 1.374645365823709943e-03 -6.433002422045268689e-03
-1.989129190953593726e-12 2.485397515683087922e-11 -1.502886818717824625e-09 -4.425619252726908297e-04 3.589171473025483118e-05 -1.272422655772029624e-05 -1.255718909375845602e-07 -4.536029928487583396e-07 2.684537478665696160e-05 -1.027098658694399857e-04
7.640578513188671171e-12 -3.733418522780755545e-09 8.981462913348625621e-08 5.450986587924781888e-04 -1.048490842724909399e-03 -3.196327993925735444e-05 -4.536029930996490221e-07 4.325673348155387589e-06 1.045845384133426510e-04 9.055682680545761357e-06
4.506729861698497106e-10 -1.412477627778518676e-08 5.313903009401863208e-07 8.174811975421510113e-02 -9.175459516763502174e-03 1.374645365634640046e-03 2.684537478211842693e-05 1.045845383727975420e-04 -2.237610924548304788e-03 1.659453668325721470e-02
-7.052528855903716752e-10 -2.116407125414130538e-07 4.587467696424734762e-06 -7.966161662256769638e-02 -4.572415259100955087e-02 -6.433002423552631500e-03 -1.027098658907608079e-04 9.055682751544550887e-06 1.659453668798582110e-02 -2.864794861431826586e-02
