1.329801542325837536e-11 -1.072181010930279437e-09 1.742292143242676181e-08 4.997097116057824325e-10 -1.158524507949008585e-06 -9.588877847882880250e-10 -1.019478542362240462e-09 2.856800886884147462e-09 3.346741878613848019e-09 -6.869827691822765161e-10
-1.072181010930779881e-09 1.265679831460030063e-07 -1.996333386516567315e-06 5.071210821665926516e-07 7.345590057991501127e-05 2.264936266535195318e-08 -3.105953282866609450e-08 -2.853773025582793480e-07 -1.566769578234560997e-07 -2.736517945247555602e-07
1.742292143243325683e-08 -1.996333386516398332e-06 3.160489756564015018e-05 -6.923135119657565086e-06 -1.347026363970994269e-03 -5.468566633435086329e-07 2.663840134578273224e-07 4.968344358698720560e-06 3.094458174641945390e-06 4.057485191209691341e-06
4.997097114921021738e-10 5.071210821799386086e-07 -6.923135119868846443e-06 7.226860493223952067e-05 -1.431962697208155784e-02 -1.548025372252634404e-05 -2.091615171219894339e-05 2.753698246909145900e-05 4.717256240896860721e-05 -3.532072764359723877e-05
-1.158524507908821742e-06 7.345590057504286421e-05 -1.347026363894331851e-03 -1.431962697212045034e-02 5.308569935796834116e+00 4.020765887296304936e-03 2.889929762544367776e-03 -1.697292391912772966e-02 -1.564865589238753629e-02 -4.067300372947012070e-03
-9.588877847580070107e-10 2.264936266171695761e-08 -5.468566632862067481e-07 -1.548025372254710651e-05 4.020765887293231006e-03 3.807191575547122916e-06 4.192835558305941878e-06 -1.002208965731346593e-05 -1.252628929686958007e-05 4.049267650090195979e-06
-1.019478542337094998e-09 -3.105953283162678567e-08 2.663840135046706796e-07 -2.091615171219959391e-05 2.889929762536394553e-03 4.192835558301597446e-06 7.312651338243137176e-06 -1.108062014122798056e-06 -1.054282422575330048e-05 1.807921475946456657e-05
2.856800886768646579e-09 -2.853773025441476621e-07 4.968344358476724236e-06 2.753698246923555964e-05 -1.697292391913721166e-02 -1.002208965733040659e-05 -1.108062014153306065e-06 6.582811196473627722e-05 4.719301052035642334e-05 4.178359245897653455e-05
3.346741878506110226e-09 -1.566769578103808491e-07 3.094458174436173982e-06 4.717256240906672751e-05 -1.564865589238353255e-02 -1.252628929687553810e-05 -1.054282422577448816e-05 4.719301052031565056e-05 4.690969054509714525e-05 4.852294093212946379e-06
-6.869827691998037495e-10 -2.736517945222842886e-07 4.057485191171768829e-06 -3.532072764349883387e-05 -4.067300372973942785e-03 4.049267650067499731e-06 1.807921475944386508e-05 4.178359245905517987e-05 4.852294093295222077e-06 7.497260201338268001e-05
