8.987135448661992598e-11 -9.190974157269273392e-09 1.470847791326547718e-07 -2.079625180963895760e-08 -9.938320381161152594e-06 3.103955193639519813e-09 -1.143580912049143942e-09 -1.061392447297998758e-09 -1.083532912552968488e-09 5.618104256729491040e-09
-9.190974157269296553e-09 3.054473229894166434e-06 -4.681363556861557995e-05 1.238375321115952480e-05 5.273833750397352235e-03 1.607238798976046407e-07 3.038331113988773942e-07 3.925721487734846899e-07 1.521203835626090257e-07 -2.024152570382538008e-06
1.470847791326560688e-07 -4.681363556861549186e-05 7.208419195648508660e-04 -1.610104817380308463e-04 -7.683613710500687699e-02 5.747541967147575913e-06 -6.238821084394920772e-06 -7.046033420935292578e-06 -4.369893255563441306e-06 3.668114143918117131e-05
-2.079625180963240964e-08 1.238375321115764947e-05 -1.610104817380028468e-04 6.056997759904744760e-04 4.694204615609844089e-02 6.955142507064040103e-05 -3.129025050619114220e-05 -3.088304793150089980e-05 -2.804194595087414817e-05 1.650161416430373127e-04
-9.938320381161808197e-06 5.273833750397600301e-03 -7.683613710501087379e-02 4.694204615610275688e-02 1.707035921289906000e+01 1.188840058478349108e-02 -7.114864401960799972e-04 4.941996578862470693e-04 -2.026711226392130787e-03 -1.926498111479327518e-03
3.103955193637322822e-09 1.607238798997954649e-07 5.747541967117506243e-06 6.955142507068741474e-05 1.188840058479302859e-02 2.172368223624388526e-04 -1.561773219233366606e-05 5.277164219594789042e-06 -3.769296560205251704e-05 -2.387472887478609381e-05
-1.143580912048362256e-09 3.038331113986185198e-07 -6.238821084391007480e-06 -3.129025050619407632e-05 -7.114864401965472884e-04 -1.561773219233240228e-05 2.772024691244131187e-06 1.591127287958131152e-06 3.576554486070561287e-06 -8.355384895307368378e-06
-1.061392447298728745e-09 3.925721487737778162e-07 -7.046033420939616681e-06 -3.088304793149783693e-05 4.941996578870074203e-04 5.277164219596321325e-06 1.591127287957989909e-06 2.627907432275392573e-06 2.111952934376476669e-07 -1.301462758730384098e-05
-1.083532912554620988e-09 1.521203835628505360e-07 -4.369893255567773879e-06 -2.804194595087877975e-05 -2.026711226392847662e-03 -3.769296560205171744e-05 3.576554486070722647e-06 2.111952934379318729e-07 7.173864164973597525e-06 -1.974794855196780364e-06
5.618104256732126438e-09 -2.024152570383703101e-06 3.668114143919811197e-05 1.650161416430233807e-04 -1.926498111482720854e-03 -2.387472887479466917e-05 -8.355384895306606049e-06 -1.301462758730387148e-05 -1.974794855195205306e-06 6.904786254675086626e-05
